1
95
0.58
N
8
2
12
0.26
Y
12
3
69
0.77
N
9
4
42
0.17
0
5
54
0.63
6
6
86
0.46
Y
10
7
119
0.16
Y
3
8
120
0.18
N
8
9
7
0.79
Y
16
10
59
0.88
0
11
73
0.44
Y
3
12
111
0.2
N
7
13
72
0.62
N
3
14
63
0.25
N
9
15
2
0.24
N
20
16
117
0.53
N
8
17
56
0.62
3
18
62
0.75
Y
9
19
46
0.76
2
20
4
0.43
Y
12
21
48
0.11
6
22
52
0.83
3
23
111
0.16
N
9
24
40
0.5
7
25
14
0.79
Y
13
26
16
0.93
N
13
27
100
0.62
N
3
28
60
0.66
8
29
65
0.44
N
9
30
120
0.52
N
6
31
59
0.62
2
32
83
0.19
N
10
33
48
0.88
6
34
74
0.5
Y
2
35
38
0.94
5
36
67
0.99
N
6
37
24
0.13
3
38
34
0.48
8
39
85
0.63
N
9
40
84
0.65
N
8
41
105
0.53
N
9
42
55
0.46
5
43
98
0.87
Y
7
44
103
0.52
N
10
45
113
0.18
Y
3
46
45
0.26
2
47
21
0.51
0
48
38
0.97
5
49
37
0.77
1
50
117
0.59
Y
8
51
29
0.42
3
52
112
0.5
Y
1
53
19
0.16
0
54
54
0.23
4
55
17
0.51
Y
16
56
62
0.75
N
3
57
75
0.44
N
9
58
98
0.11
Y
6
59
93
0.4
N
8
60
81
0.65
N
5
61
21
0.32
4
62
76
0.32
N
10
63
74
0.4
N
1
64
115
0.58
N
2
65
29
0.43
1
66
24
0.27
10
67
39
0.51
5
68
27
0.31
4
69
79
0.58
Y
8
70
46
0.77
8
71
32
0.34
3
72
110
0.42
N
2
73
112
0.15
N
2
74
52
0.54
1
75
47
0.35
10
76
87
0.42
Y
1
77
47
0.69
10
78
98
0.73
Y
4
79
45
0.96
4
80
69
0.44
N
1
81
91
0.69
N
4
82
98
0.79
N
9
83
16
0.34
Y
16
84
4
0.49
Y
11
85
98
0.26
N
10
86
12
0.16
Y
1
87
106
0.35
N
10
88
21
0.74
3
89
60
0.5
0
90
101
0.14
N
1
91
89
0.43
N
10
92
116
0.39
Y
8
93
108
0.88
N
8
94
39
0.74
9
95
65
0.46
N
6
96
23
0.21
2
97
43
0.7
3
98
18
0.6
0
99
73
0.59
N
5
100
65
0.82
N
2
